{"nbformat":4,"nbformat_minor":0,"metadata":{"colab":{"name":"EE333_3_i.ipynb","provenance":[],"collapsed_sections":[],"toc_visible":true},"kernelspec":{"name":"python3","display_name":"Python 3"}},"cells":[{"cell_type":"code","metadata":{"id":"Ycln6NLbIrnE","executionInfo":{"status":"ok","timestamp":1613447522765,"user_tz":-330,"elapsed":1443,"user":{"displayName":"Jeet Patel","photoUrl":"","userId":"17473217004589621742"}}},"source":["import numpy as np\r\n","import matplotlib.pyplot as plt\r\n","import scipy.io\r\n","from scipy.io import wavfile                                                                                                            \r\n","from scipy import signal"],"execution_count":1,"outputs":[]},{"cell_type":"code","metadata":{"id":"R65O__0yI5Mt","executionInfo":{"status":"ok","timestamp":1613447523743,"user_tz":-330,"elapsed":807,"user":{"displayName":"Jeet Patel","photoUrl":"","userId":"17473217004589621742"}}},"source":["%matplotlib inline"],"execution_count":2,"outputs":[]},{"cell_type":"markdown","metadata":{"id":"Ba7iZon_I8bF"},"source":["# Q1\r\n","Take a 5 second sample of your speech, sampled at 8 kHz, and perform linear predictive coding with predictor lengths 4,8,16 on it. Calculate the processing gain in each case."]},{"cell_type":"code","metadata":{"id":"FBIBAoasI6qa","executionInfo":{"status":"ok","timestamp":1613447528297,"user_tz":-330,"elapsed":984,"user":{"displayName":"Jeet Patel","photoUrl":"","userId":"17473217004589621742"}}},"source":["samplerate, data = wavfile.read(\"./output.wav\")"],"execution_count":3,"outputs":[]},{"cell_type":"code","metadata":{"id":"nFVOfUS6JWx5","executionInfo":{"status":"ok","timestamp":1613447533904,"user_tz":-330,"elapsed":962,"user":{"displayName":"Jeet Patel","photoUrl":"","userId":"17473217004589621742"}}},"source":["secs = data.shape[0]/samplerate"],"execution_count":4,"outputs":[]},{"cell_type":"code","metadata":{"colab":{"base_uri":"https://localhost:8080/"},"id":"cIjbOQREpP5n","executionInfo":{"status":"ok","timestamp":1613447536989,"user_tz":-330,"elapsed":984,"user":{"displayName":"Jeet Patel","photoUrl":"","userId":"17473217004589621742"}},"outputId":"eae06a42-addf-4c58-99f0-5adaaa7f5d70"},"source":["len(data)"],"execution_count":5,"outputs":[{"output_type":"execute_result","data":{"text/plain":["16000"]},"metadata":{"tags":[]},"execution_count":5}]},{"cell_type":"code","metadata":{"id":"lDtDuxcKJjTn","executionInfo":{"status":"ok","timestamp":1613447791394,"user_tz":-330,"elapsed":910,"user":{"displayName":"Jeet Patel","photoUrl":"","userId":"17473217004589621742"}}},"source":["sampdata = data[:,0] "],"execution_count":20,"outputs":[]},{"cell_type":"code","metadata":{"id":"c4KB5P1VORZz","executionInfo":{"status":"ok","timestamp":1613447792989,"user_tz":-330,"elapsed":942,"user":{"displayName":"Jeet Patel","photoUrl":"","userId":"17473217004589621742"}}},"source":["l = len(data)"],"execution_count":21,"outputs":[]},{"cell_type":"code","metadata":{"id":"YQj0pi9dsuj-","executionInfo":{"status":"ok","timestamp":1613447794946,"user_tz":-330,"elapsed":960,"user":{"displayName":"Jeet Patel","photoUrl":"","userId":"17473217004589621742"}}},"source":["def autocorr(x):\r\n","    '''numpy.correlate, non partial'''\r\n","    mean=x.mean()\r\n","    var=np.var(x)\r\n","    xp=x-mean\r\n","    # corr=np.correlate(xp,xp,'full')[len(x)-1:]/var/len(x)\r\n","    corr=np.correlate(xp,xp,'full')/var/len(x)\r\n","\r\n","    return corr"],"execution_count":22,"outputs":[]},{"cell_type":"code","metadata":{"id":"ZTt8-mYYt2z1","executionInfo":{"status":"ok","timestamp":1613447797521,"user_tz":-330,"elapsed":1179,"user":{"displayName":"Jeet Patel","photoUrl":"","userId":"17473217004589621742"}}},"source":["r = autocorr(sampdata)"],"execution_count":23,"outputs":[]},{"cell_type":"code","metadata":{"colab":{"base_uri":"https://localhost:8080/"},"id":"uCDFhgCyxGcT","executionInfo":{"status":"ok","timestamp":1613447801310,"user_tz":-330,"elapsed":864,"user":{"displayName":"Jeet Patel","photoUrl":"","userId":"17473217004589621742"}},"outputId":"455c2719-70bc-4b3c-f9a2-c0fdf37d0ae2"},"source":["r.shape"],"execution_count":24,"outputs":[{"output_type":"execute_result","data":{"text/plain":["(31999,)"]},"metadata":{"tags":[]},"execution_count":24}]},{"cell_type":"code","metadata":{"colab":{"base_uri":"https://localhost:8080/"},"id":"2Wf-x1Y5xJ4h","executionInfo":{"status":"ok","timestamp":1613447876898,"user_tz":-330,"elapsed":936,"user":{"displayName":"Jeet Patel","photoUrl":"","userId":"17473217004589621742"}},"outputId":"3663402f-f082-4397-aebb-8a93fec0c59d"},"source":["r[l-1:]"],"execution_count":25,"outputs":[{"output_type":"execute_result","data":{"text/plain":["array([ 9.9999988e-01,  8.5632414e-01,  6.9186145e-01, ...,\n","       -1.3692649e-07, -9.7903218e-08, -4.4938545e-08], dtype=float32)"]},"metadata":{"tags":[]},"execution_count":25}]},{"cell_type":"code","metadata":{"id":"JrBW7wLllXJb","executionInfo":{"status":"ok","timestamp":1613448029578,"user_tz":-330,"elapsed":960,"user":{"displayName":"Jeet Patel","photoUrl":"","userId":"17473217004589621742"}}},"source":["p = 8"],"execution_count":38,"outputs":[]},{"cell_type":"code","metadata":{"id":"GptzFmHGMfxj","executionInfo":{"status":"ok","timestamp":1613448033789,"user_tz":-330,"elapsed":998,"user":{"displayName":"Jeet Patel","photoUrl":"","userId":"17473217004589621742"}}},"source":["R = np.zeros((p,p))"],"execution_count":39,"outputs":[]},{"cell_type":"code","metadata":{"id":"a2dfLYeim5yZ","executionInfo":{"status":"ok","timestamp":1613448035831,"user_tz":-330,"elapsed":999,"user":{"displayName":"Jeet Patel","photoUrl":"","userId":"17473217004589621742"}}},"source":["q = np.transpose(r[l:l+p])"],"execution_count":40,"outputs":[]},{"cell_type":"code","metadata":{"colab":{"base_uri":"https://localhost:8080/"},"id":"CHcfRWSzx2nM","executionInfo":{"status":"ok","timestamp":1613448038607,"user_tz":-330,"elapsed":915,"user":{"displayName":"Jeet Patel","photoUrl":"","userId":"17473217004589621742"}},"outputId":"ee8c99a9-6164-4073-e7d8-aa8935d7da95"},"source":["q"],"execution_count":41,"outputs":[{"output_type":"execute_result","data":{"text/plain":["array([ 0.85632414,  0.69186145,  0.62934244,  0.47240102,  0.30878338,\n","        0.20490177, -0.00088449, -0.19655399], dtype=float32)"]},"metadata":{"tags":[]},"execution_count":41}]},{"cell_type":"code","metadata":{"id":"DKOICzDWRzzP","executionInfo":{"status":"ok","timestamp":1613448040673,"user_tz":-330,"elapsed":1207,"user":{"displayName":"Jeet Patel","photoUrl":"","userId":"17473217004589621742"}}},"source":["for i in range(p):\r\n","    R[i,:] = r[l-1-i:l-1+p-i]"],"execution_count":42,"outputs":[]},{"cell_type":"code","metadata":{"colab":{"base_uri":"https://localhost:8080/"},"id":"qhnGX_yTpHDX","executionInfo":{"status":"ok","timestamp":1613448042649,"user_tz":-330,"elapsed":1056,"user":{"displayName":"Jeet Patel","photoUrl":"","userId":"17473217004589621742"}},"outputId":"aca1b98b-5e93-4c56-89f7-2164f5e712b2"},"source":["R"],"execution_count":43,"outputs":[{"output_type":"execute_result","data":{"text/plain":["array([[ 9.99999881e-01,  8.56324136e-01,  6.91861451e-01,\n","         6.29342437e-01,  4.72401023e-01,  3.08783382e-01,\n","         2.04901770e-01, -8.84494395e-04],\n","       [ 8.56324136e-01,  9.99999881e-01,  8.56324136e-01,\n","         6.91861451e-01,  6.29342437e-01,  4.72401023e-01,\n","         3.08783382e-01,  2.04901770e-01],\n","       [ 6.91861451e-01,  8.56324136e-01,  9.99999881e-01,\n","         8.56324136e-01,  6.91861451e-01,  6.29342437e-01,\n","         4.72401023e-01,  3.08783382e-01],\n","       [ 6.29342437e-01,  6.91861451e-01,  8.56324136e-01,\n","         9.99999881e-01,  8.56324136e-01,  6.91861451e-01,\n","         6.29342437e-01,  4.72401023e-01],\n","       [ 4.72401023e-01,  6.29342437e-01,  6.91861451e-01,\n","         8.56324136e-01,  9.99999881e-01,  8.56324136e-01,\n","         6.91861451e-01,  6.29342437e-01],\n","       [ 3.08783382e-01,  4.72401023e-01,  6.29342437e-01,\n","         6.91861451e-01,  8.56324136e-01,  9.99999881e-01,\n","         8.56324136e-01,  6.91861451e-01],\n","       [ 2.04901770e-01,  3.08783382e-01,  4.72401023e-01,\n","         6.29342437e-01,  6.91861451e-01,  8.56324136e-01,\n","         9.99999881e-01,  8.56324136e-01],\n","       [-8.84494395e-04,  2.04901770e-01,  3.08783382e-01,\n","         4.72401023e-01,  6.29342437e-01,  6.91861451e-01,\n","         8.56324136e-01,  9.99999881e-01]])"]},"metadata":{"tags":[]},"execution_count":43}]},{"cell_type":"code","metadata":{"id":"aBM26OjHlqAe","executionInfo":{"status":"ok","timestamp":1613448046256,"user_tz":-330,"elapsed":941,"user":{"displayName":"Jeet Patel","photoUrl":"","userId":"17473217004589621742"}}},"source":["w = np.linalg.solve(R,q)"],"execution_count":44,"outputs":[]},{"cell_type":"code","metadata":{"colab":{"base_uri":"https://localhost:8080/"},"id":"EKfIMlXtpFpp","executionInfo":{"status":"ok","timestamp":1613448049963,"user_tz":-330,"elapsed":1076,"user":{"displayName":"Jeet Patel","photoUrl":"","userId":"17473217004589621742"}},"outputId":"3a6a6dcb-7f69-4fc6-e94d-01199b8ec0e7"},"source":["w.shape"],"execution_count":45,"outputs":[{"output_type":"execute_result","data":{"text/plain":["(8,)"]},"metadata":{"tags":[]},"execution_count":45}]},{"cell_type":"code","metadata":{"id":"jiKshlQSyNso","executionInfo":{"status":"ok","timestamp":1613448052593,"user_tz":-330,"elapsed":1013,"user":{"displayName":"Jeet Patel","photoUrl":"","userId":"17473217004589621742"}}},"source":["def gain(x,R,w):\r\n","    var = np.var(x)\r\n","    RW = np.dot(R,w)\r\n","    \r\n","    return var/(var-np.dot(w.T,RW))"],"execution_count":46,"outputs":[]},{"cell_type":"code","metadata":{"colab":{"base_uri":"https://localhost:8080/"},"id":"1o06KuyPzEcM","executionInfo":{"status":"ok","timestamp":1613447898225,"user_tz":-330,"elapsed":947,"user":{"displayName":"Jeet Patel","photoUrl":"","userId":"17473217004589621742"}},"outputId":"d2d1eb36-b698-413d-a736-fd59892ab74d"},"source":["gain(sampdata,R,w) # 16"],"execution_count":35,"outputs":[{"output_type":"execute_result","data":{"text/plain":["-0.013082294387899039"]},"metadata":{"tags":[]},"execution_count":35}]},{"cell_type":"code","metadata":{"id":"t2dXdBpGzGu0","colab":{"base_uri":"https://localhost:8080/"},"executionInfo":{"status":"ok","timestamp":1613447899936,"user_tz":-330,"elapsed":962,"user":{"displayName":"Jeet Patel","photoUrl":"","userId":"17473217004589621742"}},"outputId":"1a870df7-2f86-471a-88ac-5e1b2ae2c2b4"},"source":["gain(sampdata,R,w) # 4"],"execution_count":36,"outputs":[{"output_type":"execute_result","data":{"text/plain":["-0.013082294387899039"]},"metadata":{"tags":[]},"execution_count":36}]},{"cell_type":"code","metadata":{"colab":{"base_uri":"https://localhost:8080/"},"id":"iX6feAh61hah","executionInfo":{"status":"ok","timestamp":1613448055507,"user_tz":-330,"elapsed":938,"user":{"displayName":"Jeet Patel","photoUrl":"","userId":"17473217004589621742"}},"outputId":"b32ec59e-d85d-4633-bb81-6f1e5c1a605e"},"source":["gain(sampdata,R,w) # 8"],"execution_count":47,"outputs":[{"output_type":"execute_result","data":{"text/plain":["-0.013082294387899039"]},"metadata":{"tags":[]},"execution_count":47}]},{"cell_type":"code","metadata":{"id":"r2jTEBGg1umO"},"source":[""],"execution_count":null,"outputs":[]}]}